int[,] carrera = {
{ 1,1,3,2,6, },
{ 2,6,6,6,3, },
{ 3,7,6,2,4, },
{ 4,3,2,6,3, },
{ 1,7,6,2,1, },
{ 2,6,6,4,2, },
{ 3,6,3,7,2, },
{ 4,4,5,3,1, },
{ 1,1,5,8,8, },
{ 2,4,2,5,8, },
{ 3,3,5,7,8, },
{ 4,2,3,3,9, },
{ 1,2,9,5,8, },
{ 2,5,4,4,5, },
{ 3,8,6,3,4, },
{ 4,8,6,9,1, },
{ 1,2,9,5,8, },
{ 2,4,2,9,4, },
{ 3,9,4,3,4, },
{ 4,7,4,9,4, },
{ 1,4,9,9,5, },
{ 2,2,7,9,9, },
{ 3,9,1,8,6, },
{ 4,3,3,6,4, },
{ 1,2,3,6,1, },
{ 2,7,1,3,5, },
{ 3,7,4,5,9, },
{ 4,5,2,1,6, },
{ 1,2,8,5,6, },
{ 2,1,9,3,5, },
{ 3,2,9,8,3, },
{ 4,6,4,5,1, },
{ 1,3,2,4,4, },
{ 2,9,8,4,6, },
{ 3,5,2,1,2, },
{ 4,4,9,3,2, },
{ 1,9,9,8,1, },
{ 2,5,9,2,6, },
{ 3,1,3,8,2, },
{ 4,7,2,3,2, },
};
